IDs <- c(11293045, 11432025,  11962224, 11893365, 11793219,  11186340, 11916277, 11825219)
Exam1 <- c(19, 13, 16, 17, 12, 15, 18, 14)
MT1 <- data.frame(IDs = IDs, Scores1=Exam1)


IDs <- c(11293045, 11432025, 11610688, 11032404,  11793219,  11186340, 11916277, 11825219)
Exam2 <- c(19, 14, 17, 17, 11, 15, 17, 15)
MT2 <- data.frame(IDs = IDs, Scores1=Exam2)

IDs <- c(11293045, 11610688, 11032404, 11962224, 11893365, 11793219,  11186340, 11916277, 11825219)
Exam3<- c(20, 18, 16, 15, 12, 19, 17, 14, 13)
MT3 <- data.frame(IDs = IDs, Scores1=Exam3)
